0.12454957624999949
0.18731891874999762
0.22893797500000146
0.26025019624999884
0.2854388424999991
0.3063484387499972
0.324384926249998
0.34012588000000193
0.3541141487499985
0.06368409375000025
0.13722812124999975
0.20926001499999908
0.27857423749999904
0.33982974749999956
0.39276212500000063
0.4351890662499989
0.4697570612500016
0.4995554300000008
---
0.122728719520208
0.13752810318151665
0.14420385053509818
0.14754292447271633
0.14966347072936864
0.15107938359207748
0.15223910836298504
0.15301803527272595
0.15371343460132994
0.20547793869033562
0.29546044515498426
0.35081934125116127
0.3853109567436415
0.40502213755322575
0.4140175968166858
0.41440551658330105
0.408987054897287
0.40282755714858487
---
0.55219261625
---
0.18788140553712396
---
10
---
batch_size 256	layer_size 16	nr_epochs 47	nr of layers 3